BFS
300 300
556 121 232
7671 147 259
2000
4015 117 216 4015
7774 30 276 6796
2942 207 231 8781
8781 208 269 4035
3968 65 88 5561
1061 162 244 3772
5963 226 56 4019
8255 78 149 5906
1097 41 162 8113
8255 43 84 1303
5340 280 255 8781
8097 154 9 5572
1251 148 265 3579
6481 261 153 5210
4035 157 77 5383
3131 177 49 8113
556 79 177 1790
556 31 55 5963
6277 69 111 8097
5918 179 187 3579
1242 180 209 3772
5869 204 166 7476
6236 175 270 5687
8275 281 94 5340
266 247 230 3968
4121 11 258 4121
5572 82 218 5993
8026 34 74 6177
6979 151 39 1185
8097 281 0 3856
1606 16 224 1630
3772 169 183 6314
8026 39 97 2970
6236 234 110 8755
1630 242 48 8582
3950 216 36 6195
1795 18 66 470
3131 265 111 4015
4015 163 300 2365
1185 201 35 7488
5001 150 46 8275
5754 41 12 4015
6314 149 253 5001
5026 227 23 3500
4121 140 157 1630
2970 270 56 1606
8781 40 100 5963
1303 143 224 5026
5961 258 300 6979
6646 62 34 470
3685 116 56 5026
3772 128 70 8582
346 300 128 8781
1795 231 209 3772
5906 209 240 3799
1303 67 282 6979
3223 113 277 6277
3968 197 187 1175
5754 181 176 266
3579 138 24 5993
839 21 200 5572
1061 243 24 6195
606 4 238 3055
5383 245 239 3950
4121 289 279 6979
311 96 29 5754
2970 297 116 1097
8275 281 141 3950
5647 131 247 6195
8187 186 110 3799
4210 65 113 6617
8338 4 162 3055
8113 131 19 3579
5963 199 282 6236
6796 181 207 6277
5918 272 158 3799
8275 97 176 1251
640 268 246 4210
1790 135 68 6617
8338 179 210 5963
2522 193 76 8634
2394 253 241 5869
7671 7 267 7671
1097 21 50 6646
8275 162 205 8345
6236 231 101 7476
8582 8 194 346
8781 35 199 6236
8255 210 36 311
7476 224 76 6195
7671 242 4 5754
7774 159 101 4035
8113 25 106 1303
640 70 86 8255
311 237 128 3579
5970 85 151 6314
8518 1 221 8582
606 266 287 6314
6277 99 194 3070
5869 164 189 4019
8781 126 106 6481
6275 42 251 6236
1061 185 228 1303
640 56 267 1185
7671 143 55 5001
7330 231 82 3070
5647 39 51 311
4121 85 183 8582
4019 199 238 5383
4972 227 248 6195
8097 286 22 839
6236 100 27 2942
4019 212 161 8781
5687 236 43 8113
8634 42 141 5754
5572 275 156 5918
8134 88 2 5906
2522 298 80 1790
6277 36 274 3772
4035 14 210 1175
6177 21 184 8518
4121 244 154 1630
2012 89 251 4019
5906 104 238 3856
3070 170 6 1251
6275 246 300 5647
4629 289 85 3131
5026 245 248 606
6979 26 94 3449
7488 217 47 266
2522 270 130 2942
6796 246 250 6617
1606 193 287 4019
1175 233 257 5869
5754 285 87 3131
4216 146 256 1630
3055 163 136 8134
8190 280 104 5026
6481 231 102 5210
6617 258 113 4210
606 189 143 6275
6481 60 166 1790
6796 229 39 4121
5906 85 133 8187
6979 93 104 1061
5961 12 66 606
1061 229 168 5026
4629 76 205 6374
2365 47 296 5114
6646 34 58 6277
6277 274 285 5963
492 215 43 1790
3950 295 115 3799
3799 158 35 6646
2394 31 30 5647
4972 183 277 6646
8520 150 78 8518
1242 15 49 7671
3070 14 54 7774
5001 104 172 6979
5961 137 110 3685
1242 189 30 6177
8518 125 58 5001
6195 210 9 8830
1097 208 122 640
8518 245 222 5993
8518 84 219 4035
5383 272 55 6617
8026 75 233 346
2012 136 183 6646
470 40 47 6236
5961 100 131 8338
4629 244 58 8345
5961 285 103 839
8255 253 276 2942
8338 211 202 1097
3772 100 179 3055
5572 159 81 5970
4019 251 80 5561
2522 70 171 5026
640 195 69 8634
4035 206 31 4015
1303 45 69 7671
3579 99 272 5647
1097 43 265 6177
8518 262 41 4629
8026 39 262 1175
3799 0 293 4210
1242 105 74 5687
6796 197 273 8187
6374 8 85 5561
4019 82 141 5210
4121 153 4 3055
8781 25 78 6979
5993 280 105 3799
739 269 187 470
8781 203 265 1061
5114 151 36 5961
8113 273 170 5993
1606 79 131 6796
1185 7 228 3579
7671 280 24 1185
5572 187 221 5906
3070 78 181 8275
1097 225 51 6646
5961 40 282 8830
606 263 104 1251
1061 231 197 3500
8582 243 29 1175
5918 275 207 346
4972 299 231 5340
2394 108 130 5869
5026 195 174 2365
5210 198 85 6314
5961 54 60 3070
8634 126 216 1251
6195 131 299 5906
6617 296 18 1097
1061 172 203 8520
2012 274 93 6979
8520 154 262 1795
5561 12 213 6275
8338 7 81 2394
6277 144 187 4216
3579 295 176 7671
5869 295 242 8097
5001 245 84 8634
7671 177 280 3772
1606 72 241 8830
5383 88 54 5993
5993 298 29 6646
8113 234 218 2970
8830 52 188 4121
7330 277 28 1606
5647 207 39 2365
1790 269 209 311
4019 65 190 4121
8113 6 278 3799
606 242 263 5561
3449 81 36 8781
5754 104 133 6314
2942 113 121 6374
3223 300 147 5963
4216 91 9 739
346 110 66 4629
3579 217 18 1185
5210 51 259 4019
5754 206 230 1303
3223 183 92 7774
1790 157 163 7330
266 225 91 8520
5114 16 135 4019
5754 34 267 346
8113 253 54 5754
3055 90 55 8345
5561 292 266 606
6236 51 114 7330
5970 261 5 2012
7488 104 239 5869
8518 277 249 7488
4210 116 212 5114
8275 36 112 8755
1097 43 249 8026
5687 88 235 266
1303 69 29 3856
5961 264 84 2365
3950 179 85 1061
8781 54 224 5114
2522 90 114 6314
2365 212 155 311
6275 56 88 3055
6277 193 202 1185
7476 222 58 3856
6617 185 74 3070
5572 192 32 8134
7671 43 2 8113
8026 191 82 7671
6617 270 25 5026
4216 238 269 5210
8255 1 100 5918
2012 142 32 5383
6314 77 72 6236
3070 173 94 8113
8781 58 157 8255
4210 145 275 1061
606 285 215 556
8026 220 202 3799
5687 204 237 4210
6195 5 155 739
8755 241 14 2942
7488 265 13 3223
2012 170 27 2970
8190 30 293 5970
8518 136 173 5647
8134 131 292 8634
5210 63 19 1303
2012 256 288 266
8026 240 56 2365
7476 201 216 3449
1061 214 98 6177
8113 208 144 606
3579 99 280 5754
470 278 183 5572
5918 130 37 8755
8190 199 97 3685
4019 141 166 6481
8190 290 258 2942
1303 239 15 556
6177 298 216 3950
8755 284 295 5210
5687 295 123 5754
1790 247 211 4015
606 65 23 5970
8518 155 268 4121
4210 89 63 7774
3799 243 11 5026
4121 280 186 7488
1097 290 181 3055
5001 97 53 6277
8026 246 175 2365
8755 95 133 2012
3950 293 124 8582
1061 45 76 1795
5963 165 259 3223
2012 62 287 3500
5114 190 138 3500
1185 70 11 606
739 36 291 4629
8097 201 231 4019
2012 236 203 5026
5210 147 189 8275
8187 268 147 8345
839 101 293 4629
5001 55 71 839
6796 196 167 1061
5001 252 169 1185
3449 229 247 8781
7330 2 59 3772
4035 265 209 7671
1606 230 292 6374
8634 198 193 5572
3449 61 232 4972
2522 53 226 1185
839 293 32 5383
3799 163 106 3223
4035 22 109 4210
1242 53 245 266
6195 188 79 4015
6277 128 218 5993
8187 10 252 7476
8345 111 257 3799
5993 176 52 2970
8026 239 96 5963
1795 180 68 5340
5026 66 225 1097
4210 280 87 6481
1790 43 213 492
8134 73 101 3070
8187 19 206 556
5647 228 229 606
5961 101 8 2394
5114 2 195 5687
5961 263 40 7488
8345 33 15 1185
8187 142 283 1242
6481 21 20 1097
3223 105 257 5754
4210 274 288 8113
5001 99 240 6236
1606 63 19 5383
839 173 98 3070
1061 156 80 6646
6236 245 203 7476
6617 81 62 8275
5572 80 228 6481
8097 110 167 5970
1175 115 93 266
4035 293 29 839
8520 55 190 1790
5906 156 108 6275
1795 284 181 5906
7774 191 43 606
3055 30 106 8134
1790 137 87 8187
6617 224 77 5963
8255 1 217 8113
6195 163 11 8113
2522 157 179 6979
3579 30 112 4972
266 164 88 4972
8113 296 44 6617
3685 263 246 5869
8275 299 259 3968
4210 214 209 3950
6374 14 25 3685
3579 264 203 6646
1175 97 214 8113
1630 194 78 4972
2365 105 187 8520
3772 70 191 3223
6314 278 39 1795
3856 176 141 5001
5572 228 281 5918
6796 271 283 1061
8190 179 285 3772
6314 73 223 6177
8275 154 149 3856
839 44 12 556
6374 23 129 4972
1606 230 89 3950
1795 13 165 2365
6277 140 264 8097
6275 224 265 5647
6796 141 202 3579
3055 139 177 3685
1097 4 42 8338
5210 174 267 5340
8582 234 28 8134
1606 100 104 8830
1175 192 202 7671
6275 55 213 3500
8781 149 177 5561
470 113 97 8634
6236 213 101 4121
6177 140 97 1790
5970 278 14 5647
5963 225 222 606
1303 237 160 5561
6481 85 37 8634
1097 49 174 5383
5993 230 188 4015
5572 282 107 4629
3950 85 243 470
1790 68 138 8582
8830 290 255 5340
4629 215 207 3856
556 88 70 5961
7476 24 168 8187
7671 255 175 6374
6374 123 40 606
6796 9 16 6646
4216 221 296 8187
8338 25 222 6796
5970 188 139 6195
8275 54 242 8255
1303 245 136 5869
8275 190 180 1303
1097 139 253 1097
8190 226 278 6277
7476 292 172 4210
3685 63 84 7330
6195 36 162 5001
346 99 264 6481
606 66 187 3685
6314 7 148 5970
7330 290 278 8097
1795 234 239 4015
8582 197 168 3055
1185 77 173 3799
8134 96 206 8634
5114 252 104 606
4015 130 86 7671
3799 120 220 2970
4035 74 188 6481
8520 233 241 5647
7330 163 277 2970
3685 143 237 6195
3685 197 150 6646
6796 16 268 6796
5026 19 155 2012
739 256 182 4972
3950 125 46 1175
1097 25 114 8634
4216 275 149 8582
5993 3 207 4015
5754 87 3 3685
3799 200 108 2522
5340 128 10 8781
5961 291 114 5993
5970 45 25 3070
4972 149 243 5340
5001 118 135 5210
5970 22 57 3131
739 176 286 6236
1630 269 220 8190
5647 297 244 5687
2970 202 118 1630
5869 260 273 8275
4210 32 270 7330
8755 115 43 1630
7330 170 194 6374
5869 7 165 8134
5383 140 201 5210
8520 35 75 7476
2970 280 263 1175
6314 251 60 3223
5906 152 148 7671
8275 79 13 3500
5687 17 231 1251
2012 186 57 8255
8026 23 277 8026
346 161 172 7774
8097 29 108 7476
4972 68 38 1790
1606 199 107 2942
1185 88 256 4210
1185 161 186 8338
311 73 147 7476
8755 287 224 3579
5647 298 156 3968
3449 264 262 1251
6796 93 199 1061
2365 143 129 4035
2394 139 50 5906
7488 88 128 606
5918 285 268 470
1097 4 266 2970
3579 281 126 6236
5918 112 53 4210
1303 93 177 4216
6617 142 259 8134
8345 159 289 5970
3055 290 10 2394
6277 4 298 266
5687 246 45 6979
3685 147 200 1175
4972 173 191 8187
5906 101 246 6481
6481 60 47 3223
3449 80 212 606
6617 49 3 492
1630 271 197 7476
8097 156 203 7774
6314 212 269 6617
1185 173 45 8255
606 20 215 8520
3131 113 276 5026
3968 11 244 4629
1061 239 212 5647
6236 94 235 640
3223 53 247 3579
6617 184 295 5026
5963 238 53 6979
1061 99 256 3950
6236 57 37 8255
6195 5 212 8190
266 284 159 4015
2394 64 92 2970
8520 148 27 6796
5114 187 103 6275
8345 217 193 6796
6481 95 211 7330
1061 8 169 5970
6374 143 60 311
5210 32 279 3856
1061 294 116 556
5647 82 155 6236
606 190 293 1242
4972 295 62 1097
492 252 240 3950
5114 266 86 5383
5963 167 30 6314
1185 191 189 3950
739 184 141 1795
5561 137 246 6236
6617 6 175 2942
8190 131 128 8830
7671 276 250 1251
346 273 62 3131
3950 207 241 3685
6481 170 246 2522
3968 269 270 2012
5906 35 21 5869
3856 259 139 3070
6374 157 182 6277
1251 141 8 4035
8113 144 143 2012
3856 241 297 5906
5561 1 183 5906
6277 273 109 4629
8634 50 210 2970
3968 255 11 6481
8520 108 152 5970
3070 153 285 3055
739 145 206 6374
8755 9 249 6177
3070 251 24 5918
6314 268 201 6195
2942 285 254 6195
5561 175 111 5572
3799 40 255 5383
8755 147 291 7330
5970 177 152 5001
8134 292 47 1175
5869 20 29 3223
1175 185 148 1185
8345 48 7 5963
5561 27 162 5114
5687 8 299 5963
2365 0 219 1097
3500 35 75 8520
2970 255 224 4035
1185 136 266 1185
640 55 186 8634
7488 89 181 5754
1303 247 63 5970
8582 265 48 8518
8755 137 14 6195
6979 0 70 5114
6195 205 296 5754
8755 113 151 4015
8187 49 181 6275
2522 195 61 5754
311 141 226 1251
8518 126 79 5963
5647 77 19 3223
3055 74 297 4019
3223 58 299 8187
5970 78 191 8113
470 67 24 839
6314 266 224 8830
6275 260 67 8345
7330 126 192 3449
2394 201 39 6481
7774 277 260 4210
3500 164 170 6796
2394 27 0 6481
8113 275 287 8097
640 262 208 8830
2394 55 137 8338
8113 22 192 1606
739 266 213 1303
839 153 151 5869
5993 150 123 5993
8518 230 220 839
1097 61 14 8026
3223 187 189 6646
839 232 132 8345
4035 277 58 5561
6481 53 18 1606
5906 84 91 5961
5647 199 90 1795
5114 20 277 311
4015 135 199 1175
2394 123 127 8520
6195 174 248 8781
1606 37 181 839
5754 99 239 739
311 191 101 5026
5210 229 232 3055
640 54 164 1790
7330 235 148 5970
4019 168 107 3131
640 96 203 8520
7330 233 73 5572
5647 240 290 8634
6796 16 108 5340
5687 262 253 6177
2365 260 295 4121
3856 36 260 4629
3055 286 121 3772
1061 190 129 7476
1185 290 22 5906
5561 38 203 2522
4972 96 104 6374
470 101 297 5572
8134 48 18 839
470 251 181 4210
5647 41 164 4210
6979 161 143 5026
2522 5 91 3950
4121 218 265 7330
5572 203 17 5993
556 75 242 6277
3070 27 187 8097
3070 54 30 470
8338 65 4 5572
2012 289 125 2970
8275 64 172 6314
2942 206 26 492
839 216 36 6979
5340 271 37 6481
492 140 205 492
2942 3 86 5647
4216 105 141 739
8520 168 12 2394
739 175 165 6275
8634 75 162 7774
7476 203 169 8190
6374 155 189 1303
1795 244 55 266
3070 271 88 2394
470 213 233 6646
5918 256 272 1795
5687 185 1 4019
2970 237 268 5572
6374 101 252 640
1251 290 190 5210
5906 151 91 6195
8026 173 250 5970
6796 20 142 5970
6275 214 120 4210
5993 73 25 266
3799 227 298 8755
8582 70 164 1242
1185 152 39 5963
3131 24 259 5961
8755 100 246 3856
1606 147 36 606
739 257 50 6646
3950 97 88 2365
3131 300 103 5970
266 185 115 6646
8097 266 229 6195
4121 64 100 1790
5561 202 286 5340
5906 270 281 346
606 198 236 3500
2365 193 188 8518
1251 101 63 492
266 258 262 606
6646 160 19 5754
1303 53 179 8255
6195 199 161 4019
8518 162 231 5210
8113 136 38 2942
3449 58 98 8026
8113 218 208 3579
1061 165 183 5869
1790 25 276 8097
1795 88 248 1097
6617 50 192 4972
8518 163 289 640
5961 145 104 4019
6374 249 228 1303
6374 34 63 7330
5561 277 254 3950
5754 166 63 4121
5970 248 72 6195
640 153 290 2522
8755 44 218 5754
8113 182 206 1097
5561 75 39 1795
5993 200 27 6979
4210 218 90 1606
1061 117 137 2942
8518 110 212 7774
3950 90 212 5210
4121 60 154 492
311 8 155 5001
3131 52 70 8097
6646 146 41 4629
3579 268 101 8518
1630 112 58 1097
3856 163 225 3950
1175 227 245 1242
3500 189 39 8134
739 244 95 7488
8345 201 137 1790
2365 154 161 3579
6195 11 77 1175
4035 21 226 8518
2522 102 15 5001
6617 34 158 3856
1795 245 55 5572
2365 298 202 3223
6374 195 136 7774
5687 44 103 5754
1175 218 100 1175
8187 78 110 4210
5340 116 46 8113
8582 101 279 6177
3968 224 71 5026
5754 95 120 5754
8518 58 117 6236
6374 19 154 3223
8338 43 199 8255
5687 26 239 6277
3131 153 289 5561
1251 69 194 5961
4121 280 159 6277
3799 138 98 5963
4035 256 220 4035
5210 56 235 1630
492 69 223 6374
606 225 201 1630
7774 253 261 8338
346 272 4 6314
6236 138 197 1242
5561 256 258 6374
8830 156 148 470
6314 163 179 3799
2942 124 300 7488
8781 222 270 1242
1790 108 193 8113
3055 134 204 2365
5963 173 5 5970
2012 31 277 5340
8781 13 95 6617
3772 36 200 1097
5210 96 25 1242
6481 151 159 5970
4216 221 195 5906
4972 287 2 1175
1097 6 54 5340
5647 99 284 3685
6275 62 131 6277
5970 103 100 1061
1790 205 121 3131
4216 194 123 4629
2012 42 156 8520
1795 219 233 6177
3223 268 59 4210
2970 114 266 5114
8520 220 240 6617
3772 150 182 3055
8275 252 43 8755
3799 66 284 8781
8520 59 229 8275
8781 115 269 640
5210 72 257 5114
8520 251 263 839
1175 264 14 6646
8190 158 297 4019
4019 273 256 5970
1097 202 237 5963
6277 85 128 5961
8275 194 73 7488
5906 160 299 1242
5906 263 66 8275
3968 34 158 3799
739 87 83 5918
7488 30 115 739
492 300 29 4015
8338 256 67 1097
3131 211 292 4121
3685 290 59 5210
8026 291 61 2522
3685 37 31 8634
6646 226 244 6275
266 71 293 3799
5970 227 170 5754
6314 295 181 5961
2942 66 263 8830
1606 233 151 3579
3223 247 141 8187
5906 220 299 3055
8755 22 78 6236
492 245 114 3968
6277 223 225 5114
2942 132 246 5561
5340 253 67 3070
839 293 59 8338
6796 87 68 8097
556 192 17 492
1175 47 207 8518
3131 168 10 8755
6646 107 132 8781
311 266 132 5210
6177 207 0 556
5026 175 106 3449
2012 163 150 4210
8830 74 184 5906
839 69 287 3223
4019 220 48 1061
4216 226 3 4216
2394 242 57 1061
2522 202 167 5970
5647 61 179 1242
1185 15 293 6617
2365 45 189 3500
5869 208 129 739
8634 98 259 6374
8190 171 64 6374
8113 136 40 4210
1175 126 298 8520
8634 36 70 4216
1251 128 35 556
4216 199 38 5869
739 270 52 6374
5869 271 259 3950
5918 188 216 2012
4121 70 279 8830
1251 81 78 4216
7671 298 87 640
6195 58 284 6177
5572 121 248 2970
6646 199 260 8634
3685 44 160 5970
266 0 269 4121
6275 115 245 8190
5963 14 201 7774
492 168 50 1606
8187 52 38 2365
8830 62 240 4121
5906 107 41 2942
1175 66 81 8755
1630 151 150 7774
8830 202 103 8190
4216 298 178 1251
1097 156 247 8134
266 37 123 2394
8187 220 12 8187
8830 190 262 606
5561 183 124 5918
5114 14 261 1251
8255 244 55 6195
739 66 200 1097
5993 173 52 5970
3856 234 126 4015
5383 127 236 8026
6646 76 184 2365
8097 297 232 5918
492 140 223 6195
1795 45 138 1606
8582 178 217 4216
1795 203 29 4210
8134 230 62 606
8275 186 176 4629
2522 15 63 5114
6314 205 101 2394
3950 134 173 2365
839 48 10 6796
4035 18 217 8520
5001 227 185 6275
1303 216 104 3968
3070 137 170 6646
6177 269 290 8134
6236 211 157 2012
6481 114 9 6374
2942 47 90 6236
2365 80 227 4629
6195 231 56 5687
7488 263 40 1175
5970 189 220 470
7774 32 174 6177
5026 63 288 3131
5383 93 104 7774
8518 241 254 311
6277 260 1 4121
6275 217 249 8187
606 78 177 3070
6646 227 142 2365
1606 1 244 3772
8520 256 43 606
5340 240 85 2522
3799 114 221 640
5963 210 69 5210
1242 249 102 8830
5918 50 28 4972
4216 296 99 1061
739 31 88 606
5993 0 142 8190
839 23 101 7476
2012 90 194 7476
8026 198 300 6796
5754 4 167 6374
1251 293 43 640
5026 37 182 5869
7488 180 168 8520
1097 28 126 5754
3968 262 183 8518
3055 206 0 6314
1251 160 162 739
8113 230 147 6646
6979 226 153 5114
266 82 46 1630
6374 8 174 6617
3131 297 45 4210
8518 261 263 5970
606 82 243 5906
3856 72 277 6617
4019 98 52 1795
346 148 262 6236
1242 163 152 3799
6236 96 153 4035
8345 174 129 3223
3449 80 153 1061
640 227 201 2942
266 54 119 8255
5961 141 274 5961
2394 186 93 5340
6481 161 87 3968
7488 74 126 1630
8755 165 224 1303
4121 84 129 2394
6236 102 60 4629
6979 222 116 8187
8026 12 105 3579
6481 72 151 3500
739 262 196 2012
1790 210 187 8755
5001 109 259 1303
8097 71 62 5963
6646 197 209 3579
4121 274 289 3685
8830 160 37 3685
3070 282 92 3131
492 167 293 470
2012 147 252 2970
266 274 12 4972
640 213 131 3856
7671 7 117 6177
266 107 71 3131
5572 15 102 492
8755 62 221 5572
6177 201 173 1185
5993 46 100 7774
8275 175 107 346
606 228 9 3579
5963 294 141 5961
5918 200 234 8097
4019 299 136 5754
6314 293 265 6481
606 75 243 1630
7476 210 130 6979
5961 186 261 346
4972 10 31 3131
5561 121 251 3968
3131 20 13 8634
1606 200 80 8097
1795 70 85 3449
8187 215 174 606
8520 153 298 3449
4210 7 31 5001
6979 224 112 839
3223 25 281 2522
6277 15 198 7671
1303 283 106 1242
606 75 196 5906
6277 39 62 4216
839 117 168 4015
8113 145 20 6796
6796 293 234 4019
5001 2 172 8190
8113 200 244 2942
8275 113 284 5869
492 131 281 3579
5001 242 107 5210
3579 40 218 3968
5210 13 104 6277
5963 168 175 1185
3968 143 185 6275
8275 147 206 6979
5754 120 283 266
1185 16 175 8755
3055 191 196 8634
1061 235 183 5026
6195 273 65 1251
5970 247 296 3055
2394 255 78 3070
8781 83 107 3772
346 277 246 8781
8830 217 297 5561
6277 149 279 3856
4629 111 101 3685
606 170 149 1251
2012 238 88 839
6617 186 238 3055
739 275 81 8275
8830 221 205 3950
640 154 75 8275
1303 150 163 8345
6236 213 108 3500
8187 105 2 1630
3500 16 15 470
7330 269 86 4035
7476 40 154 6236
8338 272 271 266
6481 294 218 7488
606 123 232 6374
3223 121 30 6617
470 50 219 4015
3131 226 78 5572
8781 146 236 8781
5963 109 213 6277
1251 290 143 346
7330 146 250 3799
8338 279 90 4210
606 231 15 5114
5561 268 212 5114
4035 217 153 4015
3223 234 131 5687
3500 235 16 3055
8026 197 42 1790
8134 61 167 3131
6236 225 90 606
606 67 152 8830
1303 295 172 3055
1242 211 151 5687
6236 238 186 1061
3055 186 19 5561
2012 105 165 6796
3950 191 77 1242
640 4 117 1251
4972 219 95 6481
5993 117 7 8113
5210 249 256 5210
6979 71 243 6275
8582 192 164 266
3223 161 208 8134
6236 283 227 8097
3799 80 93 5906
1097 257 9 7330
1097 184 136 2365
6646 42 213 5647
6277 43 70 5754
3685 10 176 3579
1606 267 269 4210
5754 197 244 8026
6275 126 173 3055
3070 67 133 1242
3070 99 110 1795
5572 180 201 7488
8634 239 271 3856
1061 16 59 556
2012 233 11 6236
1061 101 247 7671
8781 81 289 5383
7488 169 31 8097
8255 243 268 4015
7671 129 252 6374
5869 289 253 6277
492 78 226 8275
4035 232 44 6617
8582 247 8 8255
7476 72 235 4629
6617 110 77 346
6314 138 14 606
2970 252 241 1061
8275 195 213 4015
8634 103 161 8634
3055 36 271 8582
5383 192 185 470
5918 90 31 3055
6796 109 241 1606
739 59 257 5340
8113 220 285 5754
1242 254 35 470
8097 42 235 6236
6314 207 1 6646
3500 163 101 5383
2970 165 260 8520
5906 226 203 6275
2012 85 240 8634
8755 206 176 6481
6236 213 78 5918
7488 180 237 1251
8830 200 104 6374
5561 199 63 5001
3579 52 15 6236
5918 111 41 8190
8755 195 231 3799
3055 38 153 1061
8113 23 120 470
1795 153 114 6374
5561 134 148 3223
3223 7 159 1061
1303 117 230 1185
6236 159 210 4629
8190 259 84 606
3772 122 172 739
6979 151 119 311
6277 120 235 4210
8134 23 122 8255
5001 280 264 6481
8755 293 251 1303
7330 239 162 492
3968 222 134 8026
8634 65 34 6277
3950 140 296 640
266 134 96 5906
8582 235 240 2522
2365 262 261 8345
3579 254 180 1242
3968 220 241 8518
5869 197 168 266
5961 181 213 5963
5754 119 40 5918
3070 276 81 5026
3950 76 227 4216
2394 272 179 8187
7488 198 165 3500
8582 0 298 8275
640 142 51 1185
1185 110 93 4121
6275 292 251 1790
3950 124 174 6979
3579 60 65 5961
8634 174 10 2394
5561 279 222 6314
7774 185 14 640
7774 164 154 1097
606 184 224 4629
4629 8 77 1790
3500 243 195 5687
3500 175 255 8781
6314 241 84 7774
6314 268 56 3070
640 34 257 1251
6646 38 270 8026
1061 67 190 6314
1061 133 215 5383
3055 51 8 3449
4972 125 231 1303
1630 193 175 5687
5970 89 22 5210
5340 128 101 6195
6374 273 190 6275
5970 186 185 1185
3070 98 225 470
8113 163 53 5210
640 177 128 5906
1185 211 192 8026
3070 54 38 5340
6481 235 1 5918
5001 203 143 4035
8026 15 226 5114
492 88 68 3449
5993 290 47 1606
5869 212 127 5647
5340 4 175 5383
6796 16 137 8781
1630 5 298 1606
2365 221 131 606
5993 6 167 3070
1606 277 248 1606
5754 80 202 3799
8275 76 109 1175
8113 18 149 5572
7476 144 229 3685
5687 258 166 7671
4121 62 196 606
8345 93 234 8275
6277 168 221 5906
4035 52 213 4019
4015 40 103 5970
3070 16 255 8026
5383 161 172 556
266 164 297 3579
1175 187 171 6617
1790 12 115 5647
7330 144 96 3449
4972 281 178 5961
3950 29 289 1795
556 115 60 4121
5961 109 180 3500
4015 154 268 839
8187 232 113 4629
6314 139 204 606
5340 226 283 4216
640 238 218 556
7488 176 34 5340
6646 119 34 2365
6195 53 40 5963
8113 45 193 4210
1630 123 11 5961
3500 201 39 492
7774 108 150 8518
3070 198 251 4629
3055 40 120 1097
8113 168 16 556
2394 144 131 8518
5561 45 56 492
6646 124 264 8634
4035 17 41 4035
6177 34 280 3449
8190 100 207 3685
4972 199 232 5001
2365 148 297 2970
5993 271 171 266
3579 261 70 5383
1097 186 216 4629
8026 167 24 3449
556 116 95 6195
1630 183 217 7330
5210 97 220 5647
8345 28 216 346
1185 270 58 4210
8345 242 240 1175
5754 271 292 8634
4019 17 69 8190
3131 204 11 2942
492 113 278 470
2365 283 282 492
7671 179 181 5869
3856 254 21 556
7671 72 298 4121
6979 6 28 1606
3579 80 74 8097
6617 56 112 7330
6277 14 72 8097
6177 214 77 4015
8134 211 0 5340
8190 114 45 8134
7774 56 118 5647
8338 65 128 8520
6236 245 229 8113
1795 81 58 8190
1185 13 272 5561
1606 265 86 6646
6236 111 82 5970
5383 205 156 556
1185 210 175 6314
8345 201 195 1303
3500 29 88 4015
8338 91 185 5383
5963 6 144 4216
3131 154 160 7330
2012 223 34 7671
8634 63 246 8097
8255 300 256 3579
8830 129 201 4035
6195 221 245 1790
4121 298 224 8275
8134 122 229 470
5210 299 183 7330
8097 250 214 2522
5970 103 34 6646
3950 165 81 2365
3772 97 9 6481
5869 285 19 5572
8518 286 297 2942
5572 182 143 4216
6177 133 63 2942
6275 153 107 2942
8275 101 216 4972
3856 33 5 8338
6177 208 182 8338
1795 234 134 3500
7774 194 125 5026
8113 221 86 5963
6236 92 293 8134
346 118 93 8275
4019 52 16 311
3055 47 34 1185
6374 60 182 5561
470 148 102 5869
640 206 198 266
6195 244 157 6236
5687 147 68 4216
8582 296 179 3500
3772 46 259 5572
6177 125 197 266
3449 188 298 5963
5001 231 25 5754
556 243 4 5114
2942 160 130 3579
1061 111 217 6646
6177 6 288 7330
3950 127 282 4019
4121 62 290 8781
6796 122 297 492
6314 77 50 6646
3968 12 98 556
6177 47 84 6646
8275 124 144 6277
5906 54 2 8781
8187 102 49 3500
7330 165 90 346
3772 88 86 5383
1606 200 263 6177
5754 104 187 5561
266 194 59 5647
5963 228 243 3131
5961 197 280 1097
5970 23 296 5210
640 291 291 8582
3500 23 63 5383
8187 232 257 2365
8275 174 187 6374
5561 275 129 8755
5963 200 166 6177
311 21 19 8345
8134 134 267 5572
5754 10 9 8520
2970 245 13 8026
8275 232 182 3799
1303 233 298 6481
3223 205 204 7488
2365 83 30 266
1242 18 124 6646
2522 87 270 5383
8520 131 129 7671
5026 110 139 346
4216 71 71 8190
1185 243 245 5754
7774 11 186 5963
5340 222 275 839
1242 293 244 640
6314 67 38 1303
7488 41 85 8113
3500 33 162 5210
3950 186 36 8187
6177 215 167 1790
3449 234 146 3223
7671 85 176 6275
5993 282 102 6481
311 298 131 5210
5918 95 10 1242
6646 276 153 5687
8781 287 284 4216
5970 176 241 5906
556 171 268 3856
606 51 255 1251
1606 62 133 1303
2522 45 59 3685
1251 101 86 4015
8345 293 199 1242
492 55 243 5754
2012 213 185 2522
6979 193 209 4035
2394 211 142 3772
6236 87 242 3131
492 267 295 6646
5114 254 28 6195
606 283 81 7774
5561 147 53 8097
4210 12 245 8097
470 109 165 739
4216 223 99 4121
346 110 249 4629
4035 172 51 3055
5906 142 67 2394
4629 94 42 6236
6646 279 127 2942
3500 196 172 3968
1606 120 131 8097
8275 129 257 8097
266 50 146 5906
606 115 64 311
8187 228 245 1606
6374 146 19 8187
5754 179 90 7330
8026 276 150 8520
3968 229 162 7671
8097 177 97 7330
5906 260 137 1630
8830 222 191 4629
5687 222 49 1630
266 244 156 4015
6979 224 236 5918
4015 264 53 8781
7671 4 158 5383
2522 222 232 3772
4216 36 135 2012
6177 20 298 6646
8190 237 234 640
6979 207 127 5026
1303 121 227 3685
4210 103 9 6195
4015 66 19 7488
1630 65 169 606
2522 118 258 2522
5572 144 265 8275
4216 52 116 8634
8026 173 259 5961
2365 55 289 3579
3685 255 22 6481
7476 143 283 3685
5114 13 126 3950
8275 209 143 2012
1790 194 91 6277
8187 236 144 8255
3579 242 284 1630
7330 243 133 8026
640 118 173 8187
492 27 214 4015
470 208 150 8097
1303 150 202 8134
311 237 28 8275
5647 65 134 4015
5961 181 52 6796
4972 212 300 6275
3500 39 50 7476
3856 204 213 4019
2365 57 82 739
3685 119 69 6617
8134 96 293 5869
6275 105 23 4015
8781 193 115 8755
470 116 102 3500
8345 261 11 3950
346 80 251 4210
1097 234 3 3579
4015 214 57 3579
8190 135 227 8113
8134 171 68 7671
556 103 71 346
739 43 151 7476
7330 54 185 346
4972 188 215 4210
7330 258 104 8338
7671 77 205 1061
3968 13 239 5572
1303 259 295 5561
7488 154 260 6277
8190 223 162 1630
2942 221 292 4216
839 112 0 1790
492 90 74 6646
4972 264 50 5210
5114 145 295 5869
3055 272 111 1251
5963 299 164 6314
3968 175 54 8026
3223 60 84 6646
492 79 109 7476
6374 23 292 5918
3772 289 100 6979
1061 67 22 5383
2942 75 225 5340
5963 294 210 3579
4035 66 108 8781
6646 211 217 311
6236 267 131 4015
1630 34 116 3685
5970 190 179 6796
839 250 110 8275
4019 93 115 1630
7671 68 226 5210
8755 186 259 5001
5963 209 249 5918
6275 53 6 5026
8113 214 206 8097
3968 297 72 5970
7488 133 71 8190
4629 103 184 6195
6374 209 178 3856
5561 77 15 6314
8781 166 267 2012
6277 88 6 8781
2012 286 202 5647
7476 91 276 346
5383 103 68 3131
640 258 158 346
4629 116 69 5210
8026 5 202 5383
6796 83 41 6275
606 32 89 6177
311 60 103 5340
1303 242 4 2012
8187 156 296 6275
6374 254 230 1242
4015 174 128 5572
4035 70 299 1795
8026 165 167 6236
6177 66 175 5340
2012 87 167 4015
3449 31 81 5993
8187 271 286 5561
8781 179 45 5114
1795 271 132 5383
8187 84 94 7476
8520 82 282 3055
4015 5 40 5906
3131 117 47 2012
5869 133 39 311
839 225 48 266
5970 97 255 6236
2365 262 240 6796
8275 37 42 5026
7774 63 261 4035
6314 179 174 4035
839 9 264 5026
2012 255 18 1630
8026 42 200 6646
1251 226 105 1242
6195 42 107 8582
2942 25 264 1061
3055 95 188 6617
8830 144 222 8113
5970 230 299 2522
5754 24 22 5001
3856 243 5 3055
839 96 46 5918
2012 32 255 3131
6195 56 224 7476
8187 176 292 8755
5906 23 10 556
6195 254 210 3131
3685 240 56 4210
4210 292 41 5993
8187 183 18 4121
6195 4 17 3223
5961 48 108 8190
8830 271 39 2365
839 188 23 3449
2365 231 271 8781
5561 299 280 1097
6374 5 284 5869
7330 292 111 8582
4035 9 188 4972
1242 282 154 470
5869 106 25 8026
2365 287 155 4216
5918 172 71 2012
6481 125 245 2942
8634 214 212 4629
4216 43 172 1242
8255 55 77 1630
8518 74 232 3223
3772 9 120 5210
311 182 82 5961
6314 212 194 8582
346 267 273 346
8345 0 119 346
3500 258 293 492
5869 9 189 1630
8830 111 6 1175
1790 276 136 8781
3055 17 3 1790
4015 2 289 6796
3968 286 57 8755
4216 275 208 3856
4121 34 291 4216
7488 57 127 8830
5961 70 210 3070
6481 1 122 3223
3772 292 122 8582
5961 183 99 5869
7488 128 77 266
4972 14 147 5383
6646 271 63 8755
1242 254 56 8113
5869 222 259 3449
5647 290 251 5961
5918 39 81 8255
4216 80 3 3449
4121 126 143 3131
3500 97 9 5572
5572 53 83 6481
5918 0 76 5340
5561 68 130 5687
1097 134 35 3950
6374 215 212 1790
3968 156 82 4015
5918 6 104 5001
3449 286 162 8190
8781 130 19 2394
8275 207 26 1795
8345 18 236 640
3223 247 110 8781
2394 11 124 1061
5906 60 93 3070
6979 263 16 6195
5963 200 129 6481
6236 27 227 8097
6646 199 40 6481
8190 275 233 1606
7476 174 183 5026
1061 99 77 7774
2012 108 56 5383
7774 256 65 1606
1185 105 249 5561
6275 287 294 1630
4972 240 172 4972
5918 190 156 8520
4015 11 167 3449
311 44 236 5572
1795 186 63 8345
5918 184 141 4972
1097 288 176 4629
8518 4 179 5970
7476 132 174 8255
5970 59 83 2942
8582 234 165 4972
3500 174 139 8113
3950 278 221 640
2012 129 79 5906
8134 75 53 7330
5340 238 160 1790
5026 74 5 8275
8830 89 106 6979
4629 176 154 8755
4210 95 185 4972
6177 202 187 5114
5918 52 75 739
266 179 74 1303
5210 114 5 2942
5026 82 50 3070
6236 228 17 1061
5687 143 130 8113
1097 292 26 1061
8134 274 219 492
8113 61 265 3799
2522 143 271 1630
8097 153 36 4972
739 243 2 1175
5026 117 63 8520
2522 176 161 266
8518 242 192 5561
8097 188 297 1795
8345 176 241 5687
1175 256 231 3131
8830 57 147 606
7671 12 136 5210
5869 74 93 6177
5026 202 191 5340
3799 49 99 6195
2522 244 142 492
2394 229 233 5647
5918 77 135 3500
3799 219 26 1606
346 148 35 839
2365 209 45 2970
4019 181 225 3131
7476 34 238 3799
2365 7 38 8345
3449 240 56 4015
5561 16 199 8781
3772 26 141 5647
1097 122 159 3449
5970 149 182 8520
8187 33 28 5561
4015 86 135 606
6617 35 295 1061
5647 281 47 2942
6796 297 168 5647
556 160 236 5754
5970 216 184 5114
3685 192 58 6617
2012 259 128 8338
1630 263 128 5754
8634 225 195 5210
5687 163 68 8097
3950 160 8 5001
606 252 140 8781
2012 102 287 2012
5340 10 15 8830
3070 114 290 4019
1630 28 85 5961
3856 261 22 8518
8187 158 91 5687
492 280 131 492
3685 274 62 4216
2365 81 201 7774
5918 174 274 8113
4972 177 271 4972
7671 27 116 1061
5210 12 3 8187
4121 131 72 3131
311 73 57 1097
7671 164 231 5963
3968 14 109 3055
8582 211 222 5918
2394 270 85 3579
5993 71 116 3856
640 8 38 3685
3968 125 261 5970
7476 185 46 8582
8345 0 170 8830
640 107 282 5993
3070 166 198 5961
8187 184 256 2970
5963 151 18 1630
7476 248 120 2970
3968 91 121 5210
4629 109 234 311
4015 243 296 3579
3856 205 112 1061
8518 242 238 6177
3950 198 99 1251
1097 131 238 5561
5993 62 141 1061
3070 188 154 1606
839 142 142 346
4216 152 23 5026
8097 111 116 6277
4972 178 31 5687
3856 168 193 8187
5572 252 180 6617
4121 195 164 3685
1630 291 71 6314
8830 201 163 4216
3950 210 97 492
8345 144 165 8134
3223 28 56 556
3685 146 116 1175
2394 44 210 5687
7476 295 7 7488
4035 70 218 4019
5754 7 69 3856
5918 251 74 4210
1303 197 189 8134
739 169 166 6275
739 197 165 2394
5561 90 121 346
556 39 186 7671
5961 137 168 2942
311 170 254 4629
1185 229 292 5001
7671 144 263 6481
7330 52 78 311
1606 70 168 2942
3223 207 41 8338
3223 69 56 1630
7488 205 74 6275
5970 266 176 1061
4972 65 128 6979
6979 39 142 5340
8755 261 149 8187
6481 153 138 8026
5647 14 115 5026
8520 113 201 7476
1606 243 203 2394
8275 125 120 8345
6481 22 115 2394
1061 263 244 5687
8518 180 161 8187
8345 79 275 1242
1097 222 127 492
5970 254 289 8830
3223 145 260 606
1790 56 199 6481
8134 250 129 4019
7330 246 199 739
606 166 93 6481
6195 167 130 5869
5210 209 198 1175
1242 243 120 8755
2365 152 258 739
6374 225 15 4015
470 75 54 5340
3579 181 265 606
2012 121 208 4972
8338 243 255 8134
5647 271 64 8255
8520 155 4 8275
3968 259 276 4629
6195 11 27 3950
839 235 119 5561
1061 9 291 6646
4035 273 132 5001
8345 130 16 7488
8255 277 114 2522
6314 27 289 606
6374 162 37 3500
2522 221 184 7330
5026 292 76 5572
7476 45 264 4035
8520 231 96 6195
470 11 169 2012
7488 192 14 3055
6481 105 194 8113
4972 133 51 5572
8830 297 295 5572
5647 38 189 3223
1795 89 167 1097
8830 134 187 8113
3449 25 29 3055
7330 150 28 8097
8275 90 220 6374
6796 265 293 6277
5383 28 234 3500
4629 193 87 3449
5383 35 264 5754
5340 120 122 7671
8518 237 29 5906
1242 4 61 8755
8781 266 42 1630
8520 181 155 4210
1630 156 171 6617
8345 287 85 839
5970 175 30 1242
1061 148 16 470
8520 85 159 1630
8187 230 20 7774
2012 79 104 4210
5687 50 300 2365
266 254 186 5961
5114 207 174 4121
3799 181 115 3579
5210 23 126 3950
4216 64 29 2522
2394 143 190 4972
6796 50 83 7488
3055 135 182 1251
8255 270 180 5970
8338 116 11 5869
4972 38 241 1242
1185 243 23 5340
2012 133 30 266
5754 230 83 5970
8345 11 150 3950
1185 93 91 1061
8582 125 23 3223
266 288 286 5210
1242 2 239 7330
3131 103 106 4015
839 209 77 5970
346 294 51 556
640 236 151 311
8345 259 284 7476
8781 191 65 8634
5993 186 52 7774
8781 173 140 5869
3500 145 192 8026
4210 210 184 5754
5918 55 92 4019
5340 59 174 8190
5918 86 14 3685
3685 115 84 8255
4210 208 248 4972
4019 123 176 3449
470 151 83 5906
640 120 194 5340
5026 62 112 8634
839 269 105 2012
6979 141 171 5963
5114 219 14 1606
606 153 18 1630
8255 39 23 7330
3449 70 276 5210
8338 41 22 5993
5961 17 49 5963
1630 187 229 6617
1175 129 79 3223
5114 225 141 4210
6481 251 40 1630
1061 195 245 5210
6374 60 180 311
3950 177 154 3449
311 200 86 5906
4035 183 10 7488
2942 291 247 606
3856 54 20 3950
5754 280 259 5001
4035 101 283 311
6374 210 187 8134
5572 282 286 8134
556 231 140 2942
346 92 256 2970
1185 188 48 3772
8781 78 7 1303
3223 164 95 3055
6979 239 50 8755
3799 275 268 5906
1175 105 202 1630
6979 253 231 311
1795 73 53 7476
8275 4 50 8097
556 157 215 556
1097 127 297 346
2942 9 123 6275
5961 137 99 4210
5970 109 279 6646
556 24 277 2012
8582 195 194 6481
7671 277 40 5383
2942 272 297 5993
8520 78 193 3856
739 19 211 8520
5963 181 239 8097
5572 92 58 5869
5993 147 174 5963
8255 167 275 2012
7671 266 168 8781
8026 62 110 5561
1251 103 210 4015
4210 136 171 6979
8275 153 51 7488
6481 103 138 8830
4629 76 205 8345
4015 95 54 5918
8520 16 61 5572
7671 18 64 492
5687 71 27 8520
8113 254 136 2970
6796 203 172 5918
5993 191 110 1303
8190 216 276 3055
2942 38 300 3055
470 98 82 1630
6979 149 281 8187
3449 56 196 8190
1097 194 129 5001
4972 149 108 6275
1795 58 195 5001
5114 179 142 4216
1606 107 227 606
1606 99 8 5114
8275 279 128 3500
8026 216 148 5647
492 61 104 606
8275 172 154 5961
5001 208 256 4015
4035 162 209 3500
556 25 84 4019
839 184 134 470
2365 228 281 3055
7774 46 5 3223
3856 37 179 5114
6277 93 86 4216
3772 101 125 1303
6195 53 270 6481
6617 222 99 839
1630 252 134 6314
5754 116 215 6314
7476 111 140 8634
